start=309.350711
volume=24.000000
